,vulnerable,infected,symptomatic,positive,recovered,deceased
0,0.99937,0.00062375,2.5e-06,0.0,3.75e-06,0.0
1,0.99915375,0.00071625,6.75e-05,1.375e-05,4.875e-05,0.0
2,0.998795,0.000915,0.00014375,3.625e-05,0.00011,0.0
3,0.99821875,0.00127875,0.0002225,7.875e-05,0.0001975,3.75e-06
7,0.99711875,0.00204125,0.00036375,0.00012,0.00034875,7.5e-06
5,0.99500375,0.00357625,0.00062125,0.00018125,0.00060625,1.125e-05
4,0.99115875,0.006455,0.00103875,0.00029875,0.00103375,1.5e-05
6,0.9846775,0.011255,0.00173625,0.00053,0.00177875,2.25e-05
8,0.9752625,0.01783375,0.0029425,0.000935,0.00299625,3e-05
16,0.96277375,0.02591125,0.004815,0.00156,0.00488875,5.125e-05
9,0.94789,0.03482875,0.0072675,0.0023,0.0076425,7.125e-05
20,0.93144125,0.0437425,0.01013375,0.00332,0.01125625,0.00010625
14,0.91337125,0.05218875,0.01388375,0.00457375,0.0158275,0.000155
10,0.89455625,0.05995625,0.01791125,0.0059925,0.0213525,0.00023125
13,0.87549125,0.06647625,0.0222225,0.00767125,0.02782375,0.000315
18,0.85644625,0.07174375,0.02667125,0.00949625,0.0352425,0.0004
22,0.83858625,0.0746775,0.0313075,0.0114875,0.04344,0.00050125
15,0.82127875,0.07688875,0.0355825,0.01357125,0.0520525,0.00062625
19,0.8053775,0.07772625,0.03934625,0.01561875,0.061175,0.00075625
11,0.790495,0.07716125,0.04302875,0.01755375,0.07088,0.00088125
17,0.77631625,0.07600125,0.0463125,0.01967625,0.08066375,0.00103
12,0.76336625,0.07404875,0.04903875,0.021515,0.090835,0.00119625
21,0.75087625,0.072115,0.05122125,0.02320875,0.10119875,0.00138
26,0.73922375,0.0697775,0.05319,0.0250275,0.1112325,0.00154875
36,0.7281075,0.06738125,0.05461375,0.02651375,0.12163125,0.0017525
27,0.7177525,0.0646825,0.0555725,0.02790875,0.1321675,0.00191625
25,0.70778875,0.06216625,0.05621,0.02902375,0.1427,0.00211125
32,0.6984925,0.05950875,0.05656125,0.03009375,0.15308125,0.0022625
35,0.6897825,0.0569925,0.0565875,0.03115875,0.1630275,0.00245125
29,0.6813025,0.0545675,0.05641375,0.0320875,0.17297625,0.0026525
34,0.6731175,0.0522775,0.05607875,0.0327625,0.18295,0.00281375
28,0.6653425,0.049985,0.05559625,0.033425,0.19264625,0.003005
39,0.6580225,0.0478125,0.05482625,0.03397625,0.202175,0.0031875
38,0.65118125,0.04557375,0.05397125,0.03424,0.21166875,0.003365
33,0.64472625,0.04326375,0.05303625,0.03460625,0.2208425,0.003525
30,0.638575,0.041055,0.05208875,0.0348225,0.22976875,0.00369
24,0.63259875,0.039135,0.05092,0.03492375,0.23858,0.0038425
23,0.6271475,0.037085,0.049675,0.034935,0.247165,0.0039925
37,0.6219325,0.03511875,0.0484925,0.0348875,0.25539875,0.00417
31,0.61683625,0.03335375,0.04706125,0.03482875,0.26357625,0.00434375
49,0.61199125,0.03165875,0.04565125,0.03464,0.27155375,0.004505
46,0.60728125,0.03034625,0.044205,0.034305,0.27918375,0.00467875
54,0.60296125,0.028885,0.042905,0.03395375,0.2864725,0.0048225
43,0.598945,0.027305,0.04139625,0.0336775,0.29370125,0.004975
53,0.5948825,0.0260525,0.039935,0.03336375,0.30063625,0.00513
40,0.59100375,0.02486125,0.03867875,0.03296625,0.30724375,0.00524625
51,0.58748375,0.023605,0.037435,0.032355,0.3137675,0.00535375
45,0.58399375,0.02261125,0.036175,0.0318025,0.3199275,0.00549
42,0.58066625,0.0215125,0.03493,0.031125,0.32616,0.00560625
48,0.57750625,0.02040875,0.0336375,0.03046125,0.33223875,0.0057475
52,0.574545,0.0194025,0.032255,0.02984625,0.338085,0.00586625
41,0.57158875,0.0186475,0.0309475,0.0293125,0.34353875,0.005965
47,0.56873375,0.0177975,0.0297625,0.02864875,0.34899,0.0060675
44,0.56608,0.01690125,0.028605,0.02807375,0.35417375,0.00616625
50,0.5635325,0.01620125,0.02743125,0.02730875,0.3592575,0.00626875
62,0.56101875,0.01555125,0.02630375,0.026585,0.3641625,0.00637875
61,0.5586425,0.01492875,0.0252225,0.02588375,0.36884375,0.00647875
58,0.556405,0.0141975,0.02422375,0.02513375,0.37346875,0.00657125
56,0.55421,0.01357,0.02336375,0.0243725,0.3778,0.00668375
57,0.552175,0.013,0.02231125,0.02369875,0.38205125,0.00676375
64,0.55017875,0.01252875,0.0213825,0.023025,0.3860425,0.0068425
69,0.54829625,0.01194125,0.02047875,0.0222325,0.3901075,0.00694375
55,0.5464525,0.0113725,0.019685,0.02153625,0.39391625,0.0070375
71,0.54466375,0.01098125,0.01886,0.0209025,0.39748375,0.00710875
68,0.54299625,0.010535,0.0180125,0.02023375,0.40106,0.0071625
66,0.541385,0.01004,0.01729875,0.0195875,0.40445125,0.0072375
60,0.5397775,0.00962375,0.01658,0.0190625,0.407635,0.00732125
70,0.5383,0.00925375,0.01581875,0.01844625,0.41079375,0.0073875
59,0.53683,0.00891875,0.0152075,0.01788375,0.41370125,0.00745875
65,0.53548375,0.00852875,0.01464375,0.01732,0.41650875,0.007515
67,0.53411125,0.00837875,0.01395125,0.01668875,0.419295,0.007575
63,0.5327425,0.0081175,0.0134625,0.01618125,0.421865,0.00763125
83,0.5315175,0.00780375,0.01291,0.01562125,0.4244675,0.00768
82,0.53029375,0.007465,0.0124775,0.01510625,0.4269275,0.00773
76,0.5291825,0.00707625,0.0120175,0.0146025,0.42932875,0.0077925
78,0.52807,0.00681625,0.01149,0.01412375,0.4316625,0.0078375
75,0.5270125,0.00659625,0.01099,0.01364,0.43387625,0.007885
73,0.52593125,0.0064,0.01058125,0.0132075,0.4359625,0.0079175
79,0.5249275,0.00614625,0.01011375,0.01286125,0.437995,0.00795625
84,0.5239375,0.00593375,0.00971,0.01241875,0.44000625,0.00799375
72,0.52300375,0.00568625,0.0093125,0.01195875,0.4419975,0.00804125
81,0.52216125,0.005475,0.00896875,0.0114975,0.4438075,0.00809
80,0.52135125,0.00526875,0.0086425,0.01110625,0.4455075,0.00812375
85,0.520535,0.0050625,0.00827375,0.01071875,0.44724875,0.00816125
74,0.51977375,0.00481625,0.00796,0.01031125,0.44893125,0.0082075
77,0.51898875,0.00466,0.0076325,0.009945,0.45053,0.00824375
86,0.51828125,0.00446875,0.00733375,0.00963875,0.45199125,0.00828625
96,0.51762125,0.0043125,0.00701375,0.00933125,0.45340875,0.0083125
93,0.51691625,0.00419375,0.0066975,0.0089425,0.45491875,0.00833125
99,0.5162325,0.00408625,0.0064225,0.00864,0.45624875,0.00837
94,0.51559125,0.00388125,0.0062475,0.0083175,0.45757375,0.00838875
89,0.514935,0.00377875,0.00606375,0.00803625,0.458775,0.00841125
103,0.51436,0.00360125,0.00585375,0.00776875,0.45996875,0.0084475
95,0.51376125,0.003525,0.0056525,0.00748625,0.46109625,0.00847875
88,0.51319125,0.003455,0.00543875,0.00720625,0.46221,0.00849875
100,0.5126725,0.0033,0.0052375,0.006905,0.46336,0.008525
90,0.512135,0.00325375,0.00505625,0.00666625,0.46433625,0.0085525
102,0.51160625,0.00316875,0.00489125,0.0063875,0.465375,0.00857125
91,0.5111175,0.003,0.00473625,0.00619125,0.4663625,0.0085925
92,0.510635,0.00294,0.00456625,0.00598875,0.4672675,0.0086025
101,0.51018,0.00280625,0.0044225,0.00581,0.46816125,0.00862
97,0.5097525,0.0026675,0.00431875,0.005575,0.46905,0.00863625
87,0.50931875,0.0025975,0.00412625,0.00537375,0.4699325,0.00865125
98,0.508885,0.00257,0.00392125,0.0051775,0.47078,0.00866625
115,0.50846375,0.0025025,0.0037775,0.00500625,0.4715575,0.0086925
106,0.50809125,0.00240875,0.00364375,0.00481625,0.4723325,0.0087075
118,0.5076925,0.00232875,0.00349125,0.00467375,0.47309625,0.0087175
105,0.50735,0.00223,0.00337125,0.00454,0.47377625,0.0087325
109,0.5069625,0.00217125,0.0032875,0.004405,0.47443,0.00874375
113,0.506645,0.0020525,0.0031725,0.00425125,0.47512375,0.008755
117,0.5063075,0.0019675,0.0030925,0.0041,0.47576375,0.00876875
108,0.50599375,0.00191125,0.0029675,0.003925,0.47642375,0.00877875
110,0.5056775,0.00183625,0.00284625,0.0038125,0.47703,0.0087975
107,0.50539125,0.00178,0.00273125,0.003705,0.47758625,0.00880625
116,0.505115,0.00170875,0.002605,0.003595,0.47816,0.00881625
111,0.5048525,0.0016275,0.002555,0.00342875,0.4787075,0.00882875
104,0.50458625,0.0015875,0.00250625,0.003295,0.47918375,0.00884125
112,0.50430375,0.00155375,0.0024,0.0031825,0.4797075,0.0088525
114,0.504105,0.0013975,0.00233875,0.0030875,0.4802075,0.00886375
129,0.5038575,0.00137125,0.00225875,0.00296875,0.48067625,0.0088675
122,0.503625,0.0013075,0.0021775,0.00286625,0.48114625,0.0088775
135,0.5033875,0.00129875,0.00209875,0.0027325,0.481595,0.0088875
131,0.50318,0.00123875,0.0020275,0.0026325,0.4820225,0.00889875
127,0.5029825,0.00119,0.001965,0.00254875,0.48240625,0.0089075
132,0.5027775,0.0012,0.0018475,0.002435,0.48282375,0.00891625
133,0.50259,0.00114875,0.00176625,0.00235125,0.48321625,0.0089275
121,0.5024125,0.00108625,0.00171,0.00226875,0.48358375,0.00893875
123,0.502205,0.00107875,0.00162375,0.0021975,0.48395,0.008945
128,0.50200375,0.0010875,0.00155625,0.00210625,0.48429375,0.0089525
119,0.50183375,0.00101625,0.00155125,0.002035,0.4846075,0.00895625
134,0.501675,0.00098875,0.00147875,0.0019525,0.4849425,0.0089625
130,0.50150625,0.000955,0.001455,0.00187,0.485245,0.00896875
126,0.5013325,0.00094,0.001435,0.00179875,0.48551625,0.0089775
120,0.50117,0.00090625,0.00140125,0.00174375,0.4857975,0.00898125
125,0.50101125,0.00090125,0.00133375,0.0016925,0.48607,0.00899125
124,0.5008675,0.00088625,0.001245,0.00164875,0.48635625,0.00899625
146,0.50073625,0.00084625,0.001205,0.0015775,0.48663375,0.00900125
143,0.50061875,0.00079625,0.00117,0.0015075,0.486905,0.0090025
147,0.500475,0.00079125,0.0011275,0.00145375,0.48714625,0.00900625
140,0.5003625,0.00074625,0.001105,0.00141,0.487365,0.00901125
137,0.5002575,0.0007025,0.001055,0.00139375,0.48757875,0.0090125
145,0.50015375,0.00068875,0.0010225,0.00133,0.48779125,0.00901375
149,0.5000425,0.00069,0.00098875,0.001295,0.487965,0.00901875
148,0.49993375,0.000665,0.00097625,0.00126,0.4881425,0.0090225
144,0.499825,0.000635,0.00095,0.00124375,0.48832125,0.009025
142,0.49974625,0.000585,0.00093,0.00119875,0.48851,0.00903
138,0.49965375,0.00056875,0.000895,0.00114625,0.48870375,0.0090325
141,0.499555,0.00053875,0.0008475,0.00114,0.488885,0.00903375
150,0.49945875,0.00054625,0.00081,0.00108875,0.48906,0.00903625
136,0.49937875,0.00053,0.000775,0.00104625,0.48923125,0.00903875
139,0.4992825,0.00052,0.0007525,0.00100875,0.489395,0.00904125
152,0.49919875,0.00048375,0.0007425,0.00097625,0.489555,0.00904375
153,0.4991075,0.00047,0.00074,0.00095,0.48968375,0.00904875
161,0.499025,0.00045375,0.00073375,0.00090875,0.48982625,0.0090525
164,0.49894375,0.000445,0.00071375,0.00089,0.4899525,0.009055
159,0.4988525,0.00045,0.00068125,0.000865,0.4900925,0.00905875
163,0.4987625,0.0004375,0.000675,0.0008175,0.49024625,0.00906125
158,0.49868875,0.0004175,0.0006625,0.00079625,0.4903725,0.0090625
155,0.4985975,0.000425,0.0006525,0.00079,0.4904725,0.0090625
156,0.4985375,0.0004,0.00063,0.000775,0.490595,0.0090625
162,0.49847875,0.00038125,0.00059875,0.00075125,0.49072375,0.00906625
160,0.49841,0.00038625,0.0005675,0.0007225,0.49084625,0.0090675
165,0.49835125,0.00036375,0.000565,0.00070625,0.49094625,0.0090675
167,0.49828875,0.00034875,0.00056125,0.00068125,0.49105125,0.00906875
154,0.4982375,0.00034,0.00055125,0.00064625,0.4911525,0.0090725
166,0.49816625,0.00034625,0.00052875,0.00063,0.491255,0.00907375
157,0.49811875,0.00032875,0.000525,0.00060625,0.49134625,0.009075
151,0.49806,0.00033125,0.0005025,0.00060125,0.49143,0.009075
171,0.497995,0.0003175,0.000485,0.0005875,0.49153375,0.00908125
169,0.49794125,0.00030125,0.0004625,0.00057125,0.4916425,0.00908125
173,0.4979025,0.0002725,0.00043875,0.00054875,0.4917525,0.009085
172,0.4978525,0.00026875,0.00042375,0.00052875,0.49184125,0.009085
180,0.4977975,0.00026625,0.00041,0.00051,0.49192875,0.0090875
176,0.49776625,0.00024875,0.000395,0.00048625,0.492015,0.00908875
182,0.49773,0.00023125,0.00038875,0.00047375,0.49208625,0.00909
168,0.49769125,0.0002225,0.00038375,0.00045625,0.492155,0.00909125
177,0.49764125,0.0002175,0.000385,0.00044125,0.49222375,0.00909125
175,0.497585,0.0002125,0.00037,0.00042375,0.49231375,0.009095
179,0.49753875,0.00021875,0.00035375,0.00041,0.49238125,0.0090975
181,0.49750125,0.00021625,0.00034625,0.00038375,0.4924525,0.0091
178,0.49746125,0.00022125,0.0003375,0.00036875,0.49251,0.00910125
170,0.4974275,0.00021375,0.0003225,0.00036875,0.492565,0.0091025
174,0.4973825,0.00021625,0.0003075,0.00035875,0.4926325,0.0091025
196,0.49733875,0.00020875,0.00031625,0.00035,0.49268375,0.0091025
188,0.49730625,0.00020125,0.0003,0.000345,0.49274375,0.00910375
190,0.49727375,0.0002025,0.00028125,0.00033875,0.49279875,0.009105
198,0.49725625,0.00017375,0.00027125,0.00033625,0.49285625,0.00910625
197,0.4972275,0.00016625,0.00026,0.0003225,0.492915,0.00910875
186,0.49719375,0.0001725,0.0002475,0.00030625,0.49297,0.00911
192,0.49717375,0.0001575,0.0002425,0.00028875,0.49302625,0.00911125
194,0.49713625,0.0001575,0.0002325,0.00027,0.49309125,0.0091125
185,0.49712125,0.00014875,0.0002175,0.0002675,0.49313,0.009115
184,0.497085,0.00015625,0.0002075,0.00026125,0.49317375,0.00911625
191,0.49705875,0.00015,0.00019625,0.00026,0.49321875,0.00911625
187,0.4970275,0.00016,0.00018875,0.00024625,0.49326125,0.00911625
199,0.49700625,0.0001475,0.0001875,0.00023875,0.4933025,0.0091175
193,0.49698625,0.00014875,0.000185,0.00022625,0.49333625,0.0091175
183,0.4969575,0.00015125,0.000175,0.00022125,0.49337625,0.00911875
189,0.49693,0.00013875,0.00018,0.00021375,0.4934175,0.00912
195,0.49690125,0.00013,0.00017875,0.00020625,0.49346375,0.00912
212,0.49688,0.00013,0.00016125,0.00019375,0.49351375,0.00912125
206,0.496865,0.0001225,0.000145,0.00018625,0.49356,0.00912125
204,0.49685,0.0001125,0.00013125,0.000175,0.49360875,0.0091225
210,0.4968325,0.00011625,0.0001325,0.00016875,0.4936275,0.0091225
214,0.49682125,0.0001025,0.00013375,0.00015625,0.49366375,0.0091225
211,0.49680125,0.0001,0.0001375,0.00014,0.49369875,0.0091225
203,0.49678625,9.625e-05,0.00013375,0.00013625,0.49372375,0.00912375
209,0.49676,0.00010625,0.00012625,0.00013375,0.49375,0.00912375
200,0.49674125,0.0001025,0.00012875,0.0001325,0.49377125,0.00912375
207,0.49672375,0.00010625,0.0001275,0.00013,0.4937875,0.009125
201,0.49670625,9.875e-05,0.0001225,0.0001325,0.493815,0.009125
205,0.49669875,8.375e-05,0.0001125,0.000125,0.49385375,0.00912625
202,0.49667625,9e-05,0.000105,0.00011875,0.49388375,0.00912625
208,0.49666375,8.5e-05,9.875e-05,0.00012,0.49390625,0.00912625
213,0.496655,7.75e-05,9.75e-05,0.00011,0.4939325,0.0091275
223,0.49664375,6.75e-05,0.0001,0.00010875,0.4939525,0.0091275
217,0.4966325,6.125e-05,0.000105,0.00010125,0.49397125,0.00912875
225,0.49661625,6.75e-05,0.0001025,0.0001025,0.4939825,0.00912875
224,0.4966025,7.25e-05,9.125e-05,0.00010125,0.49400375,0.00912875
219,0.49658625,6.375e-05,9.75e-05,0.00010125,0.49402125,0.00913
215,0.4965725,6.875e-05,9e-05,0.00010375,0.494035,0.00913
229,0.49655875,6.75e-05,9.375e-05,9.625e-05,0.4940525,0.00913125
230,0.49654875,6e-05,9.75e-05,9.125e-05,0.49407125,0.00913125
228,0.49653875,5.75e-05,9.875e-05,8.25e-05,0.49409125,0.00913125
226,0.4965325,5.125e-05,9.125e-05,8.875e-05,0.494105,0.00913125
231,0.49652,5.125e-05,8.625e-05,8.625e-05,0.494125,0.00913125
221,0.49650875,5.5e-05,8.125e-05,8.5e-05,0.49413625,0.00913375
218,0.49650625,4.375e-05,7.375e-05,8.625e-05,0.49415625,0.00913375
222,0.4965,3.75e-05,7.375e-05,8.375e-05,0.49417125,0.00913375
227,0.49649375,3.75e-05,7.125e-05,7.625e-05,0.4941875,0.00913375
216,0.49648625,3.5e-05,6.75e-05,7.375e-05,0.49420375,0.00913375
220,0.49648125,3.375e-05,6.375e-05,7.625e-05,0.49421125,0.00913375
237,0.4964775,3.25e-05,6.25e-05,7e-05,0.4942225,0.009135
243,0.49647375,2.875e-05,5.75e-05,7e-05,0.49423375,0.00913625
241,0.49646875,2.5e-05,5.875e-05,6.625e-05,0.494245,0.00913625
245,0.49646,3e-05,5.5e-05,6.5e-05,0.49425375,0.00913625
242,0.496455,2.75e-05,5.25e-05,5.875e-05,0.49427,0.00913625
239,0.49645,2.5e-05,5.25e-05,6e-05,0.49427625,0.00913625
235,0.496445,2.625e-05,5.25e-05,6e-05,0.49428,0.00913625
236,0.49644,2.625e-05,4.875e-05,5.875e-05,0.49429,0.00913625
240,0.49643875,2.125e-05,4.5e-05,5.625e-05,0.4943025,0.00913625
232,0.4964375,1.875e-05,4.625e-05,5.25e-05,0.49430875,0.00913625
238,0.4964275,2.625e-05,4.125e-05,4.75e-05,0.49432125,0.00913625
246,0.496425,2.5e-05,4e-05,4.75e-05,0.49432625,0.00913625
233,0.4964225,2.5e-05,3.75e-05,4.25e-05,0.49433625,0.00913625
244,0.49642,2.5e-05,3.75e-05,3.75e-05,0.49434375,0.00913625
234,0.496415,2.5e-05,3.625e-05,3.75e-05,0.49435,0.00913625
254,0.49641125,2.625e-05,3e-05,3.875e-05,0.4943575,0.00913625
263,0.4964075,2.5e-05,2.875e-05,3.75e-05,0.494365,0.00913625
248,0.4964075,2.25e-05,2.75e-05,3.875e-05,0.4943675,0.00913625
257,0.496405,2e-05,2.75e-05,3.5e-05,0.49437625,0.00913625
249,0.49640125,2.125e-05,2.5e-05,3.625e-05,0.49438,0.00913625
252,0.49639625,2.25e-05,2.375e-05,3.5e-05,0.49438625,0.00913625
251,0.49639375,2.125e-05,2.375e-05,3.625e-05,0.49438875,0.00913625
258,0.49639,2.5e-05,2.25e-05,3.625e-05,0.49439,0.00913625
256,0.49638375,2.375e-05,2.625e-05,3e-05,0.4944,0.00913625
260,0.49638,2.75e-05,2.5e-05,2.625e-05,0.494405,0.00913625
250,0.49637625,2.375e-05,2.75e-05,2.25e-05,0.49441375,0.00913625
253,0.49637625,2e-05,2.375e-05,2.125e-05,0.4944225,0.00913625
259,0.49637375,2e-05,2.375e-05,2e-05,0.49442625,0.00913625
261,0.49637,2.25e-05,2.25e-05,2.125e-05,0.4944275,0.00913625
262,0.49636375,2.375e-05,2e-05,2.125e-05,0.494435,0.00913625
255,0.4963625,2.375e-05,1.875e-05,2.25e-05,0.49443625,0.00913625
247,0.49636,2.125e-05,1.75e-05,2.5e-05,0.49444,0.00913625
274,0.49636,2e-05,1.75e-05,2.125e-05,0.494445,0.00913625
271,0.4963575,1.875e-05,2.125e-05,2e-05,0.49444625,0.00913625
273,0.49635625,1.625e-05,2.25e-05,2.125e-05,0.4944475,0.00913625
265,0.49635125,1.625e-05,2.25e-05,2.375e-05,0.49445,0.00913625
270,0.49634875,1.25e-05,2.625e-05,2.25e-05,0.49445375,0.00913625
264,0.49634875,8.75e-06,2.625e-05,2.375e-05,0.49445625,0.00913625
276,0.49634625,8.75e-06,2.5e-05,2.125e-05,0.4944625,0.00913625
277,0.4963425,1.25e-05,2.375e-05,2e-05,0.494465,0.00913625
267,0.4963375,1.375e-05,2e-05,2.125e-05,0.49447125,0.00913625
275,0.49633625,1.25e-05,2.125e-05,1.75e-05,0.49447625,0.00913625
272,0.49633625,1.125e-05,2e-05,1.75e-05,0.49447875,0.00913625
269,0.49633375,1.375e-05,1.875e-05,1.625e-05,0.49448125,0.00913625
268,0.4963325,1.5e-05,1.625e-05,1.75e-05,0.4944825,0.00913625
278,0.49633125,1.5e-05,1.625e-05,1.75e-05,0.49448375,0.00913625
266,0.49632875,1.25e-05,2e-05,1.625e-05,0.494485,0.0091375
290,0.4963275,6.25e-06,2.375e-05,1.625e-05,0.49448875,0.0091375
286,0.496325,7.5e-06,2.5e-05,1.375e-05,0.49449125,0.0091375
284,0.49632125,8.75e-06,2.375e-05,1.5e-05,0.49449375,0.0091375
281,0.4963175,1.125e-05,2e-05,1.625e-05,0.49449625,0.00913875
280,0.496315,1e-05,2.125e-05,1.5e-05,0.4945,0.00913875
283,0.49631375,8.75e-06,1.875e-05,1.5e-05,0.49450375,0.00914
288,0.4963125,8.75e-06,1.5e-05,1.625e-05,0.4945075,0.00914
282,0.49631,8.75e-06,1.375e-05,1.625e-05,0.49451125,0.00914
289,0.49630875,8.75e-06,1.375e-05,1.625e-05,0.4945125,0.00914
285,0.4963075,8.75e-06,1.25e-05,1.75e-05,0.49451375,0.00914
279,0.496305,1.125e-05,1.25e-05,1.75e-05,0.49451375,0.00914
287,0.4963025,8.75e-06,1.5e-05,1.875e-05,0.494515,0.00914
295,0.99931375,0.00068375,1.25e-06,0.0,1.25e-06,0.0
296,0.99863125,0.001185,8.625e-05,2.25e-05,7.5e-05,0.0
298,0.99808625,0.00148125,0.0002,5.875e-05,0.00017375,0.0
291,0.9975225,0.00168875,0.00035875,0.0001025,0.00032625,1.25e-06
294,0.9967725,0.00204875,0.00050375,0.00016,0.00051375,1.25e-06
293,0.995645,0.002655,0.00069375,0.00025375,0.00074875,3.75e-06
292,0.99375,0.00391375,0.00095125,0.00034375,0.00103625,5e-06
297,0.99067,0.00596875,0.00133375,0.0005,0.00151875,8.75e-06
300,0.986135,0.00903125,0.00193375,0.00070375,0.00217875,1.75e-05
312,0.9795825,0.01332125,0.00281625,0.001045,0.0032,3.5e-05
299,0.97141625,0.01837875,0.00397,0.001515,0.00467125,4.875e-05
313,0.9621625,0.0234075,0.005595,0.002115,0.00664875,7.125e-05
306,0.9525775,0.027905,0.00753,0.00281375,0.009075,9.875e-05
301,0.94253125,0.03193,0.009705,0.00374125,0.01196375,0.00012875
309,0.93260125,0.035225,0.0117875,0.00478375,0.0154325,0.00017
307,0.92302125,0.03760875,0.0139175,0.00585375,0.019375,0.00022375
311,0.9137475,0.03919,0.01607,0.006985,0.02373375,0.00027375
305,0.90500625,0.03989125,0.01827625,0.0082425,0.0282625,0.00032125
304,0.896475,0.04048875,0.02011125,0.0094175,0.0331325,0.000375
302,0.88799,0.0408125,0.02193625,0.010675,0.0381425,0.00044375
310,0.8797825,0.04084375,0.023465,0.0118725,0.04353125,0.000505
303,0.87173,0.04074125,0.02482125,0.0130625,0.04906,0.000585
308,0.8639475,0.04033625,0.02611625,0.01422375,0.05471125,0.000665
319,0.85624875,0.04017625,0.0270925,0.0152875,0.0604175,0.0007775
324,0.8487475,0.03987375,0.02789625,0.0162875,0.06634125,0.00085375
325,0.8416725,0.0389575,0.02865625,0.01726875,0.072485,0.00096
318,0.83447625,0.0385125,0.02922125,0.01819125,0.07853875,0.00106
329,0.8278475,0.037455,0.02972625,0.01920625,0.0846175,0.0011475
328,0.82166125,0.0363725,0.03004875,0.02000375,0.09065875,0.001255
326,0.8155425,0.03544375,0.03016125,0.0207725,0.09673125,0.00134875
322,0.80984125,0.0343525,0.03030625,0.02142125,0.10262625,0.0014525
323,0.80461875,0.03294625,0.03028,0.02199875,0.1085925,0.00156375
327,0.79956875,0.03163875,0.03012875,0.0225025,0.1145025,0.00165875
320,0.7946475,0.030345,0.029945,0.02288375,0.12041,0.00176875
330,0.79002375,0.0292825,0.0296025,0.023105,0.12610625,0.00188
321,0.7858025,0.02798875,0.02901,0.023405,0.1318,0.00199375
315,0.78184375,0.02657125,0.028525,0.02360375,0.1373475,0.00210875
317,0.77801125,0.02527125,0.02801375,0.02374,0.1427725,0.00219125
316,0.7745075,0.02399125,0.027295,0.02387125,0.14803875,0.00229625
314,0.771125,0.02276,0.02660375,0.02394625,0.15317625,0.00238875
342,0.76798125,0.021545,0.0259075,0.0239625,0.15812875,0.002475
336,0.76517625,0.0202,0.0252425,0.0237825,0.16304625,0.0025525
334,0.76260125,0.018925,0.02445,0.0236075,0.1677575,0.00265875
333,0.7602225,0.01757625,0.02360375,0.0234225,0.17242875,0.00274625
341,0.7580325,0.0164725,0.0226025,0.02321,0.17686,0.0028225
337,0.7559825,0.01539125,0.0217725,0.0228075,0.18114875,0.0028975
332,0.7541675,0.01432875,0.02077625,0.0224775,0.18529,0.00296
343,0.7524275,0.01346125,0.01990875,0.02210125,0.18905,0.00305125
331,0.75080125,0.01251625,0.01914125,0.0217075,0.192715,0.00311875
340,0.749265,0.01170625,0.018175,0.0213,0.19635375,0.0032
344,0.74788375,0.01092,0.01726625,0.02078375,0.19986125,0.003285
335,0.746575,0.0101925,0.01644375,0.020335,0.20309875,0.003355
338,0.74536,0.009395,0.01564125,0.0198375,0.20635,0.00341625
345,0.74418875,0.00879375,0.01484,0.01934375,0.20933875,0.003495
339,0.74320625,0.0080375,0.01406125,0.01884,0.2123,0.003555
351,0.74227625,0.00734625,0.01327125,0.01834625,0.2151475,0.0036125
355,0.7413675,0.0068175,0.0125225,0.01773875,0.2178975,0.00365625
359,0.74044,0.00646875,0.01180625,0.01714125,0.2204275,0.00371625
361,0.73962,0.00613375,0.01114,0.0165675,0.2227725,0.00376625
362,0.73888625,0.0057125,0.01045125,0.01602375,0.22509875,0.0038275
350,0.7382625,0.00523625,0.0098675,0.0154875,0.2272825,0.00386375
358,0.73769375,0.00477375,0.00929,0.014995,0.22933875,0.00390875
352,0.73715125,0.004405,0.00874375,0.01440375,0.23134125,0.003955
353,0.73666125,0.00405,0.0081875,0.013925,0.23316625,0.00401
360,0.73617625,0.00375375,0.00766125,0.013455,0.234905,0.00404875
349,0.73573875,0.00351375,0.0071925,0.01290625,0.23655875,0.00409
356,0.7353275,0.00321125,0.006795,0.01239875,0.2381475,0.00412
348,0.73494875,0.00299125,0.00635625,0.01189125,0.23966375,0.00414875
346,0.73458,0.00281125,0.00600625,0.01136125,0.2410625,0.00417875
357,0.7342775,0.00260875,0.00564125,0.0108375,0.24243625,0.00419875
347,0.7339575,0.0024575,0.00533875,0.01043375,0.243585,0.0042275
354,0.73367875,0.00225,0.0050075,0.00997375,0.24483375,0.00425625
374,0.73342125,0.00208125,0.004705,0.0095075,0.2460025,0.0042825
369,0.7331825,0.00193375,0.00435875,0.009075,0.24714375,0.00430625
365,0.73299,0.0017775,0.00408625,0.00869,0.248135,0.00432125
373,0.73283125,0.00157625,0.00385,0.0083125,0.24908875,0.00434125
377,0.73269,0.00141875,0.0035825,0.00791875,0.2500225,0.0043675
368,0.73256125,0.00126375,0.00333,0.00755875,0.25090125,0.004385
376,0.73240375,0.00118625,0.0030875,0.0071925,0.25172125,0.00440875
370,0.7322475,0.00109,0.0029025,0.00684875,0.25248125,0.00443
366,0.73211,0.00096875,0.00271,0.00656375,0.25319875,0.00444875
371,0.73196875,0.00093125,0.00250875,0.00625,0.25388375,0.0044575
372,0.73184375,0.00087875,0.00231875,0.00593875,0.2545425,0.0044775
367,0.73175625,0.00081125,0.00215,0.00563375,0.25516625,0.0044825
375,0.73163875,0.00078125,0.00199875,0.00538875,0.25570375,0.00448875
364,0.73151625,0.0007575,0.0018625,0.0051,0.25626375,0.0045
363,0.73142375,0.0007225,0.0017225,0.00483625,0.25678875,0.00450625
388,0.73135125,0.0006525,0.0016075,0.00459875,0.25727125,0.00451875
379,0.73127875,0.00060875,0.00149625,0.004375,0.257715,0.00452625
387,0.7312025,0.00056375,0.0013975,0.0041525,0.25814875,0.004535
394,0.73112375,0.0005375,0.001305,0.003935,0.2585575,0.00454125
384,0.73106375,0.00050625,0.00121625,0.00373875,0.25892625,0.00454875
393,0.7310125,0.000465,0.00114375,0.00353375,0.2592925,0.0045525
392,0.73097,0.00042875,0.00105375,0.00333625,0.2596525,0.00455875
389,0.730925,0.00038625,0.00099625,0.00315125,0.25997125,0.00457
390,0.730885,0.00034875,0.0009325,0.0029925,0.260265,0.00457625
385,0.73085,0.00031625,0.00087375,0.0028225,0.2605525,0.004585
381,0.730815,0.000295,0.0008275,0.00268875,0.26078625,0.0045875
382,0.7307725,0.00027125,0.00076625,0.00254625,0.2610525,0.00459125
383,0.7307375,0.00025875,0.00069625,0.0024075,0.2613,0.0046
378,0.7307075,0.00024375,0.00065375,0.00225375,0.261535,0.00460625
386,0.7306725,0.0002325,0.0006275,0.00211375,0.261745,0.00460875
391,0.73064,0.00022625,0.00059,0.001985,0.26194625,0.0046125
380,0.73060875,0.0002175,0.00053875,0.00186375,0.26215375,0.0046175
403,0.7305775,0.0002075,0.00050125,0.001755,0.262335,0.00462375
401,0.7305375,0.00021375,0.0004525,0.00165375,0.26251625,0.00462625
404,0.7305025,0.00021375,0.00042875,0.0015675,0.2626575,0.00463
405,0.73047125,0.00020625,0.0004025,0.00150375,0.2627825,0.00463375
399,0.73045,0.00019375,0.00037,0.00143375,0.2629175,0.004635
402,0.73043,0.00017625,0.00036125,0.001375,0.26302125,0.00463625
406,0.73041125,0.000175,0.0003375,0.00129875,0.26313875,0.00463875
408,0.7304025,0.00015375,0.00030875,0.0012425,0.26325,0.0046425
407,0.7303925,0.00013625,0.00029625,0.0011525,0.26338,0.0046425
400,0.73038375,0.00012125,0.00028125,0.0010725,0.26349625,0.004645
397,0.73037625,0.000105,0.00026125,0.00101375,0.26359375,0.00465
398,0.73037,9.125e-05,0.0002375,0.00097625,0.26367375,0.00465125
395,0.7303625,8.625e-05,0.000215,0.0009225,0.2637625,0.00465125
409,0.73035625,7.75e-05,0.00019,0.000875,0.26384875,0.0046525
396,0.7303525,6.875e-05,0.0001775,0.00082125,0.26392625,0.00465375
418,0.73034625,6e-05,0.0001675,0.000775,0.26399625,0.004655
411,0.7303375,5.75e-05,0.00015625,0.00072375,0.26407,0.004655
413,0.73033375,4.875e-05,0.0001475,0.00068625,0.26412875,0.004655
415,0.73032375,4.75e-05,0.0001375,0.00064375,0.26419,0.0046575
414,0.7303125,4.875e-05,0.00012625,0.00060625,0.26424875,0.0046575
416,0.7303,5e-05,0.000115,0.0005725,0.26430375,0.00465875
417,0.7302975,4.625e-05,0.00010625,0.0005425,0.26434875,0.00465875
412,0.73029625,4.125e-05,9.25e-05,0.0005,0.26440875,0.00466125
426,0.73029125,3.25e-05,9e-05,0.0004825,0.26444125,0.0046625
421,0.73028875,3.25e-05,8e-05,0.00044375,0.26449125,0.00466375
420,0.73028625,2.875e-05,7.5e-05,0.0004225,0.26452375,0.00466375
425,0.73028625,2.375e-05,7.625e-05,0.000395,0.264555,0.00466375
423,0.730285,2e-05,7.375e-05,0.00037375,0.26458375,0.00466375
422,0.73028375,1.625e-05,6.625e-05,0.00035625,0.26461375,0.00466375
410,0.73028125,1.75e-05,5.875e-05,0.0003425,0.264635,0.004665
424,0.73027875,1.625e-05,5.625e-05,0.00032,0.2646625,0.00466625
419,0.7302775,1.5e-05,5.5e-05,0.00029875,0.264685,0.00466875
431,0.73027625,1.5e-05,5e-05,0.00028375,0.26470625,0.00466875
439,0.73027625,1.5e-05,4.25e-05,0.00025875,0.26473875,0.00466875
432,0.73027625,1.375e-05,4e-05,0.00024875,0.2647525,0.00466875
438,0.73027625,1.125e-05,3.25e-05,0.000225,0.264785,0.00467
433,0.73027625,1.125e-05,3e-05,0.0002175,0.264795,0.00467
437,0.730275,1.125e-05,3e-05,0.000205,0.26480875,0.00467
435,0.7302725,1.125e-05,2.5e-05,0.00019125,0.26483,0.00467
429,0.73027125,1.125e-05,2.5e-05,0.00016875,0.26485375,0.00467
436,0.73026875,1.375e-05,2.5e-05,0.00016125,0.26486125,0.00467
430,0.730265,1.5e-05,2.75e-05,0.0001525,0.26487,0.00467
441,0.73026375,1.25e-05,2.625e-05,0.0001425,0.2648825,0.0046725
434,0.73025875,1.375e-05,2.875e-05,0.0001325,0.26489375,0.0046725
427,0.73025375,1.375e-05,3.25e-05,0.00012625,0.26490125,0.0046725
440,0.73025375,1.125e-05,3e-05,0.00012,0.2649125,0.0046725
428,0.7302475,1.625e-05,2.875e-05,0.00011375,0.26492125,0.0046725
458,0.73024125,1.875e-05,2.625e-05,0.00010125,0.26493875,0.00467375
442,0.7302375,1.875e-05,2.5e-05,0.0001,0.26494375,0.004675
450,0.73023375,1.875e-05,2.5e-05,8.875e-05,0.26495875,0.004675
445,0.73023375,1.5e-05,2.375e-05,8.5e-05,0.2649675,0.004675
455,0.73023375,1.125e-05,2.25e-05,8.5e-05,0.2649725,0.004675
456,0.7302325,1.125e-05,2e-05,8.375e-05,0.2649775,0.004675
457,0.7302325,1.125e-05,1.875e-05,7.5e-05,0.2649875,0.004675
453,0.7302325,8.75e-06,1.5e-05,7.625e-05,0.2649925,0.004675
451,0.73023125,8.75e-06,1.375e-05,7e-05,0.26500125,0.004675
443,0.73023125,8.75e-06,1.25e-05,6.25e-05,0.26501,0.004675
444,0.73023,1e-05,1.25e-05,5.875e-05,0.26501375,0.004675
448,0.73022875,7.5e-06,1e-05,5.875e-05,0.26502,0.004675
454,0.73022625,7.5e-06,8.75e-06,5.5e-05,0.2650275,0.004675
446,0.730225,7.5e-06,7.5e-06,5.5e-05,0.26503,0.004675
452,0.730225,6.25e-06,5e-06,5e-05,0.26503875,0.004675
449,0.730225,6.25e-06,5e-06,4.625e-05,0.2650425,0.004675
447,0.730225,6.25e-06,3.75e-06,4.625e-05,0.26504375,0.004675
468,0.730225,3.75e-06,6.25e-06,4.375e-05,0.26504625,0.004675
459,0.730225,3.75e-06,6.25e-06,4e-05,0.26505,0.004675
460,0.730225,2.5e-06,6.25e-06,3.75e-05,0.26505375,0.004675
461,0.730225,1.25e-06,5e-06,3.5e-05,0.26505875,0.004675
463,0.730225,1.25e-06,3.75e-06,3.5e-05,0.26506,0.004675
462,0.730225,1.25e-06,2.5e-06,3.375e-05,0.2650625,0.004675
466,0.730225,1.25e-06,2.5e-06,2.875e-05,0.2650675,0.004675
464,0.730225,1.25e-06,2.5e-06,2.25e-05,0.26507375,0.004675
467,0.730225,1.25e-06,2.5e-06,2.25e-05,0.26507375,0.004675
465,0.730225,1.25e-06,2.5e-06,1.625e-05,0.26508,0.004675
472,0.99936375,0.00063375,1.25e-06,0.0,1.25e-06,0.0
471,0.9989025,0.00094875,7e-05,2.5e-05,5.375e-05,0.0
469,0.99786,0.00174,0.00018125,6.5e-05,0.00015375,0.0
470,0.99555375,0.00355,0.00040375,0.00012,0.00037,2.5e-06
473,0.99079,0.00726375,0.00088,0.0002575,0.00080125,7.5e-06
474,0.98133625,0.0145125,0.0019,0.0005375,0.00169375,2e-05
476,0.96493375,0.02688,0.00375375,0.00101875,0.003375,3.875e-05
475,0.94188875,0.04287125,0.0068475,0.0019625,0.00636625,6.375e-05
478,0.9148975,0.05952875,0.01121375,0.00322125,0.01103,0.00010875
477,0.88605,0.0749125,0.01684375,0.00495125,0.017075,0.0001675
484,0.8574125,0.08752625,0.02330625,0.00696875,0.02453875,0.0002475
488,0.82976,0.09676375,0.03019125,0.0093,0.033625,0.00036
491,0.8036075,0.1029925,0.03718,0.0118725,0.04388,0.0004675
481,0.7795525,0.10647125,0.04399625,0.01437625,0.05499375,0.00061
479,0.75737,0.10751,0.05037375,0.01701375,0.06694625,0.00078625
486,0.73722875,0.10656875,0.05619125,0.01952,0.07952125,0.00097
489,0.71910125,0.10404,0.06116,0.0219375,0.09261125,0.00115
487,0.70240125,0.1004675,0.06569625,0.02407625,0.1059925,0.00136625
485,0.68737375,0.09603,0.069405,0.02618375,0.11945125,0.00155625
480,0.6732125,0.091685,0.07226125,0.028095,0.13298375,0.0017625
490,0.6603025,0.0871275,0.074325,0.029875,0.14637875,0.00199125
482,0.6484975,0.082285,0.07587625,0.03145125,0.1596975,0.0021925
483,0.6377775,0.07730125,0.07684,0.03284375,0.17281875,0.00241875
508,0.627525,0.07282625,0.07717625,0.034135,0.18565625,0.00268125
496,0.61829,0.06812,0.07714125,0.03509125,0.19841,0.0029475
505,0.6099175,0.063625,0.07670875,0.03587375,0.21069625,0.00317875
498,0.60227875,0.05912375,0.0758525,0.03639125,0.222925,0.00342875
493,0.595115,0.05508625,0.0745875,0.03687625,0.23465375,0.00368125
497,0.58856125,0.05101,0.07314125,0.0372,0.24618,0.0039075
494,0.58238375,0.047445,0.07128375,0.03743625,0.25730625,0.004145
504,0.57684125,0.044045,0.0692275,0.0374375,0.26810375,0.004345
500,0.57169875,0.04096125,0.0670225,0.03719,0.27859625,0.00453125
507,0.5668675,0.038015,0.06491125,0.0368975,0.28856875,0.00474
499,0.5623175,0.03534625,0.062865,0.0364625,0.29804875,0.00496
506,0.55811,0.0327525,0.06079375,0.03595125,0.307235,0.0051575
501,0.55424625,0.0304975,0.058425,0.03538375,0.31607625,0.00537125
503,0.55045875,0.028495,0.056055,0.03491,0.3245525,0.00552875
502,0.54718,0.02641125,0.05368375,0.03437,0.33267,0.005685
495,0.5440025,0.02446375,0.05148875,0.03367625,0.340525,0.00584375
492,0.5410925,0.02273375,0.04920375,0.03305625,0.34791125,0.0060025
512,0.53853375,0.0209925,0.0469375,0.0323525,0.3550225,0.00616125
515,0.5359975,0.01952875,0.0447025,0.03152,0.36191625,0.006335
519,0.53363,0.01817375,0.04256875,0.0306475,0.3685025,0.0064775
510,0.53144,0.01688,0.04053,0.029825,0.3746925,0.0066325
520,0.52944125,0.01564125,0.0385075,0.02899125,0.38062625,0.0067925
521,0.527525,0.01455625,0.03642625,0.02805625,0.386525,0.00691125
511,0.52580375,0.01338875,0.03459375,0.027225,0.391935,0.00705375
518,0.52420625,0.0123375,0.03272,0.0263675,0.39718875,0.00718
516,0.522645,0.0115075,0.030835,0.02559875,0.40214125,0.0072725
513,0.5212025,0.0107325,0.02915625,0.02470625,0.40683125,0.00737125
517,0.51979125,0.01011,0.02759375,0.02390375,0.41114125,0.00746
523,0.518525,0.0094475,0.026005,0.0231675,0.41528625,0.00756875
522,0.51725625,0.008875,0.02466,0.02237,0.41917625,0.0076625
509,0.5161625,0.0083175,0.0233275,0.02148,0.4229525,0.00776
514,0.51509125,0.00775625,0.0220175,0.02066375,0.42663,0.00784125
531,0.514115,0.007235,0.020725,0.0198975,0.43011,0.0079175
528,0.513265,0.00670625,0.01957,0.0191075,0.43336625,0.007985
536,0.51239,0.00627375,0.0184475,0.01845125,0.4364,0.0080375
537,0.5115775,0.00587125,0.0173525,0.01765875,0.43941625,0.00812375
540,0.51080375,0.00549125,0.0163975,0.016935,0.44218,0.0081925
525,0.51007875,0.0051575,0.015445,0.016215,0.44485875,0.008245
524,0.5094375,0.00481,0.01451125,0.015545,0.44739375,0.0083025
534,0.50878,0.00451125,0.01368875,0.014875,0.449785,0.00836
527,0.5082025,0.00421875,0.01290125,0.0142325,0.45202125,0.00842375
532,0.507665,0.0039475,0.01216625,0.0136375,0.45411625,0.0084675
535,0.5071675,0.00369,0.01143625,0.01311125,0.45609,0.008505
526,0.50670875,0.003415,0.0107775,0.0125625,0.45798375,0.0085525
529,0.5062375,0.00326625,0.01015875,0.01199,0.459755,0.0085925
530,0.5058025,0.0030375,0.0095525,0.01152375,0.46145625,0.0086275
533,0.50543375,0.00283125,0.009,0.01097375,0.463095,0.00866625
538,0.50507125,0.0026725,0.00848875,0.01049,0.464585,0.0086925
539,0.50474875,0.00248875,0.007965,0.0099975,0.4660725,0.0087275
551,0.50441875,0.0023425,0.00747,0.0095675,0.46745,0.00875125
550,0.50413625,0.00217,0.007,0.009095,0.468815,0.00878375
549,0.503845,0.00205375,0.0065875,0.00866,0.47004,0.00881375
544,0.50362625,0.001915,0.0061525,0.00823875,0.47123,0.0088375
553,0.50337625,0.0018125,0.00577875,0.0078875,0.4722875,0.0088575
552,0.50313625,0.00169625,0.00543125,0.0075475,0.473315,0.00887375
548,0.502905,0.0015775,0.00515,0.00717,0.47429125,0.00890625
542,0.5027275,0.00142125,0.00486375,0.0068275,0.4752325,0.0089275
543,0.50252625,0.0013425,0.00456125,0.0065275,0.47610375,0.00893875
554,0.50234375,0.00125375,0.00429875,0.00619875,0.47695,0.008955
555,0.50218375,0.00117125,0.00403,0.00588,0.47775875,0.00897625
547,0.502025,0.00110875,0.00378,0.00559625,0.47849875,0.00899125
545,0.50187875,0.00105125,0.003565,0.00526875,0.47923125,0.009005
546,0.50173375,0.00099,0.003335,0.00503625,0.479885,0.00902
541,0.50157875,0.00097625,0.0031,0.0047875,0.480525,0.0090325
558,0.50144875,0.00091625,0.00290625,0.0046,0.4810875,0.00904125
567,0.50129125,0.00092375,0.0027275,0.00435375,0.48164625,0.0090575
568,0.5011825,0.00084125,0.00257125,0.0041375,0.4822,0.0090675
572,0.5010725,0.00078,0.00240625,0.00394125,0.482725,0.009075
561,0.50096875,0.0007325,0.0022625,0.0037375,0.483215,0.00908375
564,0.500875,0.00068625,0.0021375,0.0035225,0.48369,0.00908875
565,0.50079,0.00062,0.0019925,0.003355,0.48414375,0.00909875
556,0.5007175,0.00058625,0.00186125,0.0031875,0.4845425,0.009105
559,0.500625,0.00055125,0.0017725,0.0030175,0.48491625,0.0091175
560,0.50055875,0.000495,0.0016575,0.00287875,0.4852825,0.0091275
570,0.50049875,0.0004525,0.00157375,0.00274125,0.4856025,0.00913125
557,0.50044625,0.0004325,0.0014825,0.0025925,0.485905,0.00914125
566,0.50038,0.00041375,0.0013875,0.0024425,0.486225,0.00915125
563,0.500325,0.00038,0.001315,0.00231,0.48651375,0.00915625
569,0.5002725,0.00038,0.0012175,0.00218375,0.4867825,0.00916375
571,0.50022125,0.0003575,0.00113625,0.00209125,0.48702125,0.0091725
562,0.50017125,0.00035875,0.00108125,0.00197,0.4872425,0.00917625
584,0.500125,0.00034875,0.0010175,0.00183375,0.4874925,0.0091825
587,0.5000775,0.00032,0.0009675,0.00174625,0.487705,0.00918375
583,0.50003875,0.0002825,0.00092375,0.00165,0.4879175,0.0091875
575,0.49999,0.00027375,0.000885,0.00154,0.48811625,0.009195
574,0.49995875,0.00025125,0.00081375,0.00147125,0.48830625,0.00919875
577,0.49993,0.00022875,0.00076125,0.00139125,0.48848875,0.0092
582,0.499895,0.00022625,0.0007075,0.0013125,0.488655,0.00920375
581,0.49985625,0.0002225,0.00067,0.00123875,0.48880625,0.00920625
585,0.4998225,0.0002075,0.000635,0.00118375,0.48893875,0.0092125
576,0.4997775,0.00021875,0.000575,0.0011225,0.48909,0.00921625
586,0.4997475,0.00021375,0.000555,0.00106125,0.4892025,0.00922
579,0.4997125,0.0002125,0.0005225,0.00100625,0.48932375,0.0092225
580,0.49968125,0.00019375,0.000505,0.0009625,0.4894325,0.009225
578,0.4996625,0.00016875,0.00047625,0.00091875,0.48954625,0.0092275
573,0.49964,0.00015125,0.00044875,0.00086125,0.48966625,0.0092325
588,0.4996225,0.0001475,0.00042,0.000805,0.48976875,0.00923625
603,0.4996,0.0001425,0.00040375,0.00074625,0.48987125,0.00923625
589,0.499585,0.000125,0.000385,0.0007025,0.48996375,0.00923875
596,0.49956375,0.000125,0.000365,0.00065875,0.49004875,0.00923875
595,0.49955,0.0001125,0.0003525,0.00064125,0.490105,0.00923875
604,0.49954125,0.00010375,0.00032375,0.00059625,0.490195,0.00924
600,0.49953125,9.375e-05,0.00030875,0.0005675,0.490255,0.00924375
602,0.49952,8.375e-05,0.000285,0.0005425,0.490325,0.00924375
597,0.4995025,7.75e-05,0.0002875,0.00052125,0.4903675,0.00924375
598,0.49949125,7.75e-05,0.00026875,0.00048625,0.49043125,0.009245
599,0.499475,8e-05,0.00025125,0.00045875,0.49048875,0.00924625
592,0.49946,8.375e-05,0.0002275,0.00044375,0.49053875,0.00924625
593,0.49945,8.75e-05,0.0002075,0.00041125,0.49059625,0.0092475
590,0.49943375,8.375e-05,0.00019875,0.0003775,0.49065875,0.0092475
594,0.49942375,7.875e-05,0.00019125,0.00035375,0.490705,0.0092475
601,0.49941875,6.75e-05,0.00018125,0.00033375,0.49075,0.00924875
591,0.4994125,5.875e-05,0.00016875,0.0003175,0.49079375,0.00924875
619,0.49940375,5.625e-05,0.000155,0.00028875,0.49084625,0.00925
614,0.4993975,5e-05,0.0001475,0.0002825,0.4908725,0.00925
613,0.49938625,5e-05,0.00014,0.0002625,0.49091125,0.00925
608,0.499375,4.875e-05,0.00013125,0.00024875,0.49094625,0.00925
610,0.4993675,4.875e-05,0.000125,0.0002375,0.49097,0.00925125
616,0.49935875,5e-05,0.000115,0.00022375,0.49100125,0.00925125
611,0.49935,4.875e-05,0.00011,0.00021,0.49103,0.00925125
606,0.499345,4.375e-05,0.00011125,0.00019625,0.4910525,0.00925125
612,0.4993375,4e-05,0.000105,0.000185,0.49108125,0.00925125
618,0.499335,3.5e-05,0.00010375,0.00017625,0.49109875,0.00925125
605,0.49932875,3.25e-05,0.00010125,0.00016375,0.4911225,0.00925125
609,0.4993225,3.375e-05,9e-05,0.000155,0.4911475,0.00925125
615,0.49931875,3.125e-05,8.625e-05,0.00014125,0.49117125,0.00925125
617,0.499315,2.5e-05,8.125e-05,0.00013875,0.49118875,0.00925125
607,0.49931,2.625e-05,7.5e-05,0.00013125,0.49120625,0.00925125
625,0.499305,2.375e-05,7e-05,0.00012625,0.49122375,0.00925125
636,0.4992975,2.875e-05,6.125e-05,0.00011625,0.491245,0.00925125
630,0.499295,2.875e-05,5.625e-05,0.00010875,0.49126,0.00925125
621,0.49928875,2.875e-05,5.375e-05,0.00010125,0.49127625,0.00925125
631,0.4992825,3.25e-05,5.375e-05,9.375e-05,0.49128375,0.00925375
635,0.4992775,3.625e-05,4.875e-05,8.875e-05,0.491295,0.00925375
624,0.4992725,3.125e-05,5.25e-05,8.625e-05,0.49130375,0.00925375
623,0.49927125,2.625e-05,4.125e-05,8.75e-05,0.49132,0.00925375
